average_time_iterative_new:  0.0021775312488898635
average_time_iterative_old:  1.4800517499970738
average_time_non_iterative:  29.802035575004993
number of equivalences:  4
