average_time_iterative_new:  16.76689641874691
average_time_iterative_old:  61.420779231240886
average_time_non_iterative:  21.393300593761523
number of equivalences:  16
